292
9
1054
1088
1082
1080
1090
1077
32
1086
1090
1085
1086
1074
1086
32
1072
1090
1072
1082
1091
1074
1072
1090
32
1090
1074
1086
1103
32
1079
1072
1084
1098
1082
32
33
13
10
13
10
1055
1086
1089
1090
1088
1086
1081
32
1082
1091
1083
1080
44
32
1087
1086
1076
1086
1073
1088
1080
32
1075
1080
32
1080
32
1089
1087
1072
1089
1080
32
1079
1072
1084
1098
1082
1072
32
1086
1090
32
1085
1072
1096
1077
1089
1090
1074
1080
1077
46
13
10
1050
1086
1075
1072
1090
1086
32
1080
1084
1072
1096
32
1076
1086
1089
1090
1072
1090
1098
1095
1085
1086
32
1079
1083
1072
1090
1086
44
32
1084
1086
1078
1077
1096
32
1076
1072
32
1089
1090
1088
1086
1080
1096
32
1080
1083
1080
13
10
1087
1086
1076
1086
1073
1088
1103
1074
1072
1096
32
1082
1091
1083
1072
46
32
1057
1090
1088
1086
1080
1096
32
1089
32
1076
1077
1089
1077
1085
32
1073
1091
1090
1086
1085
44
32
1072
32
1087
1086
1076
1086
1073
1088
1103
1074
1072
1096
13
10
1089
32
1083
1103
1074
32
1073
1091
1090
1086
1085
46
32
1053
1072
32
1074
1089
1077
1082
1080
32
53
32
1084
1080
1085
1091
1090
1080
32
1097
1077
32
1080
1076
1074
1072
32
1085
1086
1074
1072
44
32
1087
1086
45
1089
1080
1083
1085
1072
13
10
1074
1098
1083
1085
1072
32
1086
1090
32
1086
1088
1082
1080
44
32
1072
32
1085
1072
1082
1088
1072
1103
32
45
32
1090
1077
1093
1085
1080
1103
32
1082
1088
1072
1083
46
0
